1
1
2
2
KMA
2
1
2
3
2
3
2
MAY
2
1
2
3
2
3
1
3
3
3
3
2
MMS
2
1
2
3
2
1
3
2
MSI
2
2
1
4
1
4
3
2
MSK
2
2
2
4
2
2
3
4
3
1
3
2
JA
2
1
3
5
3
5
3
2
MBTN
2
2
3
1
5
3
3
2
5
2
1
3
2
RM
2
1
3
3
3
1
3
2
FKP
2
3
1
5
1
3
3
3
3
2
2
1
4
2
RTK
2
4
2
5
2
4
3
2
WZ
2
2
3
4
3
4
2
2
4
2
3
2
SR
2
1
3
1
3
2
1
3
2
1
3
2
FT
2
3
3
5
3
1
3
3
2
NZZ
2
1
3
3
3
1
2
4
1
3
2
SAM
2
1
2
1
5
1
3
3
2
5
3
2
4
2
2
4
1
2
1
1
3
4
5



